454 151.75057983398438
455 63.015380859375
456 122.25009155273438
457 126.23942565917969
458 20.771203994750977
459 42.758262634277344
460 153.73876953125
461 57.98204040527344
462 4.347461223602295
463 72.892822265625
464 64.24581909179688
465 19.540428161621094
466 66.22855377197266
467 7.21137809753418
468 62.65190124511719
469 14.667349815368652
470 18.068805694580078
471 95.17262268066406
472 129.45774841308594
473 68.41547393798828
474 144.24716186523438
475 71.93891906738281
476 12.96068286895752
477 25.601716995239258
478 38.37821960449219
479 13.917255401611328
480 5.072038173675537
481 26.809345245361328
482 45.892051696777344
483 0.24152563512325287
484 7.218535423278809
485 59.972171783447266
486 124.86985778808594
487 14.22496223449707
488 30.168691635131836
489 21.978832244873047
490 101.39949035644531
491 133.6797332763672
492 25.828907012939453
493 15.337968826293945
494 103.35601043701172
495 88.7217788696289
496 91.93093872070313
497 38.98383331298828
498 2.1737306118011475
499 48.37279510498047
500 83.11714172363281
501 5.313563823699951
502 2.6023142337799072
503 98.16032409667969
504 18.004091262817383
505 0.0
506 55.059326171875
507 139.2853546142578
508 45.86375427246094
509 8.548017501831055
510 89.2958755493164
511 220.1092529296875
512 26.39010238647461
513 58.65445327758789
514 33.22736358642578
515 38.67881774902344
516 30.50217056274414
517 19.162395477294922
518 67.29083251953125
519 14.176310539245605
520 1.2076281309127808
521 0.0
522 33.17289733886719
523 2.6567819118499756
524 0.21429182589054108
525 2.3240244388580322
526 0.0
527 0.0
528 0.48305127024650574
529 1.2076281309127808
530 0.48305127024650574
531 3.8608314990997314
532 43.9962272644043
533 68.42583465576172
534 9.008260726928711
535 118.93201446533203
536 124.74385833740234
537 65.84624481201172
538 23.59357261657715
539 75.34168243408203
540 97.4393310546875
541 15.676358222961426
542 14.153996467590332
543 47.7822380065918
544 17.654006958007813
545 0.0
546 0.0
547 1.6906794309616089
548 8.184637069702148
549 0.0
550 0.0
551 1.932205080986023
552 2.5577588081359863
553 0.48305127024650574
554 8.922133445739746
555 0.0
556 33.77998352050781
557 13.824828147888184
558 128.72799682617188
559 4.768887996673584
560 56.93842315673828
561 38.968177795410156
562 39.75027847290039
563 46.67603302001953
564 13.888814926147461
565 10.144076347351074
566 119.16407012939453
567 95.40682220458984
568 105.62342834472656
569 124.20318603515625
570 44.495513916015625
571 91.33683776855469
572 32.824676513671875
573 26.777137756347656
574 91.37559509277344
575 123.05681610107422
576 39.387359619140625
577 103.7101821899414
578 81.64360809326172
579 13.899715423583984
580 3.642961025238037
581 5.713425636291504
582 17.357637405395508
583 59.41691589355469
584 23.318029403686523
585 0.0
586 42.75003433227539
587 46.30134963989258
588 42.30472946166992
589 9.790037155151367
590 37.919525146484375
591 47.50406265258789
592 8.453396797180176
593 16.14424705505371
594 144.04393005371094
595 71.51165771484375
596 171.99851989746094
597 27.405241012573242
598 14.974589347839355
599 52.80866241455078
600 12.91197681427002
601 3.6193058490753174
602 69.24713134765625
603 136.0320587158203
604 29.441078186035156
605 59.14652633666992
606 86.87118530273438
607 84.04997253417969
608 73.09855651855469
609 53.824432373046875
610 100.23113250732422
611 101.58724975585938
612 0.0
613 18.355947494506836
614 77.27685546875
615 22.540006637573242
616 8.211871147155762
617 86.99703979492188
618 62.02406311035156
619 0.7245768904685974
620 0.0
621 39.85173034667969
622 10.194965362548828
623 15.354467391967773
624 15.725004196166992
625 50.46949005126953
626 70.16697692871094
627 80.62801361083984
628 2.128114700317383
629 88.8907699584961
630 36.46628189086914
631 16.83580780029297
632 47.00676727294922
633 132.55770874023438
634 80.49383544921875
635 0.0
636 32.81885528564453
637 106.76966857910156
638 28.12017822265625
639 94.63230895996094
640 119.79804992675781
641 84.85301208496094
642 67.12907409667969
643 65.4063720703125
644 43.58433532714844
645 75.61503601074219
646 68.2707290649414
647 155.82420349121094
648 64.11248779296875
649 99.69432830810547
650 65.11161804199219
651 29.354976654052734
652 38.555076599121094
653 46.366554260253906
654 84.66365814208984
655 3.3813588619232178
656 13.28390884399414
657 16.16790199279785
658 0.0
659 2.8983075618743896
660 3.2065558433532715
661 5.122927188873291
662 0.0
663 0.0
664 22.42251968383789
665 24.795438766479492
666 2.3162331581115723
667 20.17392349243164
668 7.970345973968506
669 3.857252836227417
670 11.43067455291748
671 87.89252471923828
672 44.083953857421875
673 80.21015930175781
674 42.212520599365234
675 6.810028076171875
676 102.320556640625
677 109.59101104736328
678 27.210147857666016
679 11.570422172546387
680 83.71993255615234
681 56.44044876098633
682 32.738548278808594
683 26.304821014404297
684 30.21078109741211
685 9.898972511291504
686 56.758522033691406
687 42.63599395751953
688 35.84756851196289
689 7.714505672454834
690 0.0
691 42.93072509765625
692 48.38264083862305
693 11.834755897521973
694 64.95963287353516
695 155.34735107421875
696 73.86965942382813
697 67.21484375
698 56.836647033691406
699 138.36683654785156
700 1.3674523830413818
701 104.69344329833984
702 67.35125732421875
703 78.21131896972656
704 30.555288314819336
705 6.428754806518555
706 84.73991394042969
707 103.4949951171875
708 49.15769577026367
709 87.99104309082031
710 113.19774627685547
711 82.1676025390625
712 24.877140045166016
713 19.080524444580078
714 118.56228637695313
715 43.202083587646484
716 21.306659698486328
717 24.6356143951416
718 34.7049560546875
719 56.516998291015625
720 0.24152563512325287
721 97.72925567626953
722 64.8917236328125
723 13.525435447692871
724 0.24152563512325287
725 36.95342254638672
726 23.669511795043945
727 0.0
728 1.6634455919265747
729 45.361690521240234
730 0.6428754925727844
731 1.2076281309127808
732 20.76404571533203
733 60.28617858886719
734 32.243370056152344
735 12.076281547546387
736 80.08692169189453
737 57.49601745605469
738 1.9830940961837769
739 74.1893081665039
740 62.67341232299805
741 1.4491537809371948
742 9.661025047302246
743 84.89242553710938
744 12.773624420166016
745 0.0
746 104.4255142211914
747 77.33708953857422
748 3.4831368923187256
749 29.94917869567871
750 52.123008728027344
751 50.870994567871094
752 19.080524444580078
753 67.96847534179688
754 74.28044128417969
755 44.341121673583984
756 73.4080810546875
757 150.29949951171875
758 53.75206756591797
759 88.91653442382813
760 146.75100708007813
