1 78.31914520263672
10 36.554256439208984
11 163.0597381591797
12 82.43756866455078
13 15.457639694213867
14 56.83539962768555
15 3.864410161972046
16 120.47027587890625
17 8.150246620178223
18 112.9797134399414
19 63.27971267700195
2 91.62169647216797
20 84.80430603027344
21 1.8232698440551758
22 29.751384735107422
23 0.48305127024650574
24 88.96331787109375
25 69.14842224121094
26 0.0
27 13.683897018432617
28 39.0146369934082
29 59.93391418457031
3 0.0
30 1.4491537809371948
31 76.73492431640625
32 135.887451171875
33 119.25180053710938
34 73.91776275634766
35 61.09400177001953
36 25.11866569519043
37 41.783931732177734
38 36.59938049316406
39 103.60394287109375
4 66.41954803466797
40 65.42611694335938
41 2.142918348312378
42 64.3913345336914
43 2.0140748023986816
44 29.707653045654297
45 45.080013275146484
46 90.50839233398438
47 70.25750732421875
48 91.04341125488281
49 99.57282257080078
5 0.0
50 13.956202507019043
51 102.5833740234375
52 70.73150634765625
53 54.579811096191406
54 89.68598937988281
55 19.610885620117188
56 0.0
57 60.9161376953125
58 78.87370300292969
59 27.859331130981445
6 85.42788696289063
60 107.7635498046875
61 6.218888759613037
62 112.2968978881836
63 121.36940002441406
64 131.8868865966797
65 18.712169647216797
66 50.89204788208008
67 0.0
68 86.28948974609375
69 6.245275497436523
7 29.019649505615234
70 43.474613189697266
71 86.79380798339844
72 81.60432434082031
73 110.33102416992188
74 164.63731384277344
75 125.74128723144531
8 157.17083740234375
9 152.03672790527344
