1 82.89028930664063
10 36.418601989746094
11 180.69261169433594
12 86.67252349853516
13 14.97735595703125
14 59.887306213378906
15 2.6057629585266113
16 116.34800720214844
17 5.444757461547852
18 103.69215393066406
19 67.51459503173828
2 91.70233154296875
20 81.71634674072266
21 2.1036105155944824
22 35.65155029296875
23 0.2895292043685913
24 79.30736541748047
25 71.51671600341797
26 0.0
27 20.319320678710938
28 43.3331184387207
29 66.86138916015625
3 0.0
30 0.0
31 72.53987121582031
32 128.03118896484375
33 122.36528778076172
34 64.19529724121094
35 64.57154083251953
36 27.615354537963867
37 48.43557357788086
38 37.12382507324219
39 96.31192016601563
4 63.94950485229492
40 65.46224212646484
41 0.7328706383705139
42 75.58747100830078
43 2.0267043113708496
44 31.445838928222656
45 46.70317077636719
46 95.22669982910156
47 64.10533142089844
48 114.37057495117188
49 104.27851104736328
5 0.0
50 10.77138900756836
51 92.3781509399414
52 63.75774002075195
53 51.37635040283203
54 104.08650207519531
55 24.723833084106445
56 0.21136637032032013
57 62.75042724609375
58 69.69786071777344
59 22.427705764770508
6 93.12208557128906
60 110.42369842529297
61 3.9033656120300293
62 117.65315246582031
63 127.38280487060547
64 123.05115509033203
65 17.933717727661133
66 61.597084045410156
67 0.0
68 88.61528778076172
69 7.310360431671143
7 30.734079360961914
70 43.97978973388672
71 82.83223724365234
72 85.47847747802734
73 116.93157958984375
74 168.48062133789063
75 139.38868713378906
8 153.13177490234375
9 153.29364013671875
