1 128.66029357910156
10 86.72052764892578
100 10.774656295776367
1000 104.63263702392578
1001 31.739635467529297
1002 19.06468963623047
1003 52.70109558105469
1004 24.472755432128906
1005 23.961559295654297
1006 22.2364444732666
1007 6.445040702819824
1008 20.386674880981445
1009 10.031482696533203
101 0.0
1010 70.43274688720703
1011 127.99578094482422
1012 81.66532897949219
1013 108.73680114746094
1014 92.69558715820313
1015 128.45596313476563
1016 79.14173889160156
1017 34.48387908935547
1018 68.9127197265625
1019 6.224877834320068
102 117.80696868896484
1020 0.18321765959262848
1021 2.6057629585266113
1022 0.19704067707061768
1023 0.0
1024 5.278127193450928
1025 0.7122619152069092
1026 16.31215476989746
1027 37.365596771240234
1028 0.21136637032032013
1029 23.675296783447266
103 0.18321765959262848
1030 0.0
1031 47.49032211303711
1032 45.50056457519531
1033 12.730234146118164
1034 79.83818054199219
1035 22.177631378173828
1036 40.74293899536133
1037 2.3162336349487305
1038 40.1834831237793
1039 96.11388397216797
104 44.5284309387207
1040 34.20817565917969
1041 80.85227966308594
1042 32.96260070800781
1043 96.55144500732422
1044 89.3486557006836
1045 34.262210845947266
1046 33.60523986816406
1047 21.586008071899414
1048 59.120758056640625
1049 2.39188289642334
105 0.7238230109214783
1050 61.776283264160156
1051 30.656917572021484
1052 42.3092155456543
1053 91.94186401367188
1054 28.1446475982666
1055 137.9179229736328
1056 87.93795776367188
1057 38.376190185546875
1058 43.74806213378906
1059 49.38834762573242
106 96.0704116821289
1060 11.345924377441406
1061 15.264120101928711
1062 7.808742523193359
1063 0.2895292043685913
1064 3.807359218597412
1065 0.0
1066 34.7744140625
1067 7.8117594718933105
1068 72.536865234375
1069 43.30622863769531
107 97.81990051269531
1070 98.34970092773438
1071 24.526287078857422
1072 48.69418716430664
1073 64.67584228515625
1074 116.64155578613281
1075 79.9693603515625
1076 64.1452865600586
1077 13.005691528320313
1078 35.44144058227539
1079 0.0
108 111.55168151855469
1080 23.868566513061523
1081 5.165532112121582
1082 29.567161560058594
1083 0.0
1084 156.63453674316406
1085 24.77057647705078
1086 36.60784912109375
1087 127.43858337402344
1088 40.37474060058594
1089 164.5116424560547
109 69.50862121582031
1090 59.012184143066406
1091 95.3154067993164
1092 65.48285675048828
1093 179.21531677246094
1094 1.5720528364181519
1095 98.9282455444336
1096 63.26866149902344
1097 128.99530029296875
1098 107.52088928222656
1099 78.30683898925781
11 47.29253387451172
110 24.1063232421875
1100 45.47643280029297
1101 104.65249633789063
1102 113.27377319335938
1103 123.26227569580078
1104 46.91478729248047
1105 25.73592758178711
1106 78.820556640625
1107 130.32733154296875
1108 60.99640655517578
1109 44.171546936035156
111 50.81010818481445
1110 75.5897445678711
1111 125.9926986694336
1112 127.1751708984375
1113 156.5297393798828
1114 172.9620361328125
1115 28.870481491088867
1116 56.66779708862305
1117 14.717229843139648
1118 39.6109619140625
1119 4.5532989501953125
112 8.629074096679688
1120 108.14116668701172
1121 25.029441833496094
1122 108.21430969238281
1123 68.8184814453125
1124 9.086238861083984
1125 155.74810791015625
1126 40.46195983886719
1127 63.33250045776367
1128 18.927717208862305
1129 10.410484313964844
113 55.368682861328125
1130 15.821310043334961
1131 73.57786560058594
1132 147.18312072753906
1133 110.94799041748047
1134 108.69709014892578
1135 84.02982330322266
1136 1.5924105644226074
1137 71.07965850830078
1138 0.0
1139 38.1680908203125
114 11.830735206604004
1140 0.0
1141 9.687667846679688
1142 2.895292043685913
1143 44.83078384399414
1144 62.2103157043457
1145 0.2895292043685913
1146 27.392427444458008
1147 109.18140411376953
1148 145.33157348632813
1149 22.381959915161133
115 9.23904800415039
1150 33.89427185058594
1151 120.19104766845703
1152 22.036136627197266
1153 134.28500366210938
1154 28.995891571044922
1155 28.06698989868164
1156 4.053408622741699
1157 35.644256591796875
1158 22.332454681396484
1159 64.95556640625
116 28.95920181274414
1160 57.58765411376953
1161 100.36308288574219
1162 63.65519714355469
1163 44.5965461730957
1164 163.97982788085938
1165 66.36099243164063
1166 35.06720733642578
1167 137.52459716796875
1168 82.05889892578125
1169 88.59091186523438
117 3.2974159717559814
1170 128.962646484375
1171 142.61573791503906
1172 72.13749694824219
1173 143.19126892089844
1174 66.21044158935547
1175 233.35850524902344
1176 115.38743591308594
1177 88.01359558105469
1178 26.584911346435547
1179 25.494401931762695
118 41.10585403442383
1180 88.83821868896484
1181 5.700859546661377
1182 14.765989303588867
1183 0.511199951171875
1184 16.421232223510742
1185 2.3162336349487305
1186 50.504493713378906
1187 6.0738301277160645
1188 124.4171371459961
1189 25.842239379882813
119 8.36241626739502
1190 103.2136459350586
1191 29.776763916015625
1192 12.791561126708984
1193 17.890993118286133
1194 93.17184448242188
1195 20.93657875061035
1196 78.31513214111328
1197 74.98302459716797
1198 2.6057629585266113
1199 71.31591796875
12 40.06938171386719
120 13.205498695373535
1200 0.0
1201 57.35568618774414
1202 0.0
1203 35.61988067626953
1204 13.382682800292969
1205 170.12025451660156
1206 26.17273712158203
1207 30.897687911987305
1208 145.83499145507813
1209 54.01629638671875
121 72.23978424072266
1210 62.47698211669922
1211 48.63814163208008
1212 76.67169952392578
1213 87.64340209960938
1214 69.68504333496094
1215 29.184642791748047
1216 42.15639877319336
1217 22.219608306884766
1218 53.747623443603516
1219 159.40591430664063
122 73.749267578125
1220 40.34911346435547
1221 117.43324279785156
1222 31.324695587158203
1223 134.26515197753906
1224 94.9957275390625
1225 6.412618160247803
1226 48.463218688964844
1227 9.409698486328125
1228 6.523203372955322
1229 21.902427673339844
123 1.2440705299377441
1230 5.59454870223999
1231 60.844364166259766
1232 14.736581802368164
1233 7.148756980895996
1234 219.5010528564453
1235 67.92826843261719
1236 0.0
1237 62.5473518371582
1238 122.68597412109375
1239 84.77249145507813
124 28.281124114990234
1240 133.19573974609375
1241 63.10780715942383
1242 0.0
1243 0.0
1244 0.0
1245 1.0993059873580933
1246 0.0
1247 1.369483232498169
1248 0.0
1249 24.862062454223633
125 172.43902587890625
1250 10.374795913696289
1251 0.0
1252 47.15681838989258
1253 3.619115114212036
1254 44.32259750366211
1255 54.33396911621094
1256 21.186901092529297
1257 20.444734573364258
1258 18.224504470825195
1259 57.41524124145508
126 83.89082336425781
1260 1.550187349319458
1261 42.364749908447266
1262 11.198898315429688
1263 147.65208435058594
1264 60.745330810546875
1265 128.14859008789063
1266 79.7811279296875
1267 23.741140365600586
1268 148.07406616210938
1269 60.308021545410156
127 34.022193908691406
1270 70.40660858154297
1271 111.23878479003906
1272 53.36510467529297
1273 3.259464979171753
1274 75.84886169433594
1275 55.11082458496094
1276 28.61714744567871
1277 105.20516204833984
1278 13.740822792053223
1279 75.59425354003906
128 41.71683120727539
1280 105.87569427490234
1281 33.72361755371094
1282 12.896113395690918
1283 41.19734191894531
1284 0.0
1285 4.864191055297852
1286 0.0
1287 0.0
1288 3.705069065093994
1289 0.0
129 0.9057839512825012
1290 19.872961044311523
1291 3.619115114212036
1292 65.4672622680664
1293 53.570945739746094
1294 64.77613067626953
1295 77.98815155029297
1296 16.280237197875977
1297 75.61663055419922
1298 113.08302307128906
1299 21.91197967529297
13 13.104211807250977
130 4.485440254211426
1300 54.31938934326172
1301 69.34953308105469
1302 0.0
1303 19.173015594482422
1304 0.0
1305 8.971634864807129
1306 0.0
1307 11.370805740356445
1308 0.21136637032032013
1309 32.773345947265625
131 1.0133521556854248
1310 28.9941349029541
1311 10.67186450958252
1312 158.34783935546875
1313 132.21104431152344
1314 44.746337890625
1315 77.57597351074219
1316 40.610992431640625
1317 81.60173034667969
1318 51.620391845703125
1319 73.99807739257813
132 4.331377029418945
1320 20.56863784790039
1321 40.83266067504883
1322 47.62931442260742
1323 83.81643676757813
1324 126.20079803466797
1325 83.83779907226563
1326 199.92971801757813
133 0.8776352405548096
134 1.8819398880004883
135 1.9369804859161377
136 5.841100692749023
137 54.68909454345703
138 0.5790584087371826
139 20.13660430908203
14 47.99574661254883
140 32.05681610107422
141 133.7288055419922
142 138.2496795654297
143 29.847640991210938
144 126.71552276611328
145 15.537310600280762
146 65.43912506103516
147 4.34293794631958
148 74.5650863647461
149 7.225663185119629
15 75.10743713378906
150 54.82732391357422
151 135.80224609375
152 49.83697509765625
153 103.59790802001953
154 42.11417770385742
155 102.48126220703125
156 96.15811920166016
157 45.426429748535156
158 56.88670349121094
159 67.64351654052734
16 47.291526794433594
160 88.44915008544922
161 14.738594055175781
162 38.60841751098633
163 22.69386100769043
164 73.8656234741211
165 5.892370223999023
166 42.02922439575195
167 31.13544464111328
168 194.27032470703125
169 60.753623962402344
17 62.44506072998047
170 4.225316047668457
171 6.290473937988281
172 17.904815673828125
173 1.113128900527954
174 13.460343360900879
175 10.063401222229004
176 0.4727468490600586
177 28.73577117919922
178 0.14476460218429565
179 60.00190734863281
18 188.38197326660156
180 22.290983200073242
181 63.08394241333008
182 86.5089111328125
183 71.82183837890625
184 69.14494323730469
185 14.295251846313477
186 73.01463317871094
187 145.9988555908203
188 53.916263580322266
189 137.23333740234375
19 7.238229751586914
190 39.526771545410156
191 0.0
192 11.031264305114746
193 0.0
194 30.682802200317383
195 0.0
196 52.01874542236328
197 9.781412124633789
198 125.11555480957031
199 32.060577392578125
2 25.733417510986328
20 70.05475616455078
200 37.201988220214844
201 136.36572265625
202 74.16748046875
203 73.56981658935547
204 43.98255157470703
205 68.46159362792969
206 80.81710052490234
207 67.31327056884766
208 34.90912628173828
209 65.45169067382813
21 0.9236283302307129
210 83.99136352539063
211 61.19218826293945
212 103.30687713623047
213 67.12100219726563
214 199.39137268066406
215 30.879594802856445
216 61.89164352416992
217 10.244104385375977
218 157.14598083496094
219 9.961612701416016
22 47.31515121459961
220 58.117706298828125
221 35.15190887451172
222 60.02302169799805
223 23.63508415222168
224 38.700653076171875
225 10.489652633666992
226 115.52592468261719
227 46.446563720703125
228 100.84538269042969
229 87.38931274414063
23 0.0
230 65.42430114746094
231 0.0
232 51.183082580566406
233 0.21136637032032013
234 33.831939697265625
235 0.0
236 55.886924743652344
237 6.0419111251831055
238 51.660606384277344
239 69.16102600097656
24 40.37097930908203
240 25.041259765625
241 43.255714416503906
242 1.6590124368667603
243 73.2533950805664
244 68.69457244873047
245 72.95507049560547
246 3.72969913482666
247 22.591068267822266
248 0.4727468490600586
249 0.0
25 8.864568710327148
250 0.0
251 0.0
252 0.0
253 18.009368896484375
254 32.623802185058594
255 17.931459426879883
256 90.5394515991211
257 93.81725311279297
258 138.67391967773438
259 33.51677703857422
26 83.60984802246094
260 7.32870626449585
261 44.463340759277344
262 1.3028813600540161
263 0.5790584087371826
264 0.0
265 0.0
266 0.0
267 16.41997528076172
268 85.35507202148438
269 77.83509826660156
27 54.144474029541016
270 67.42863464355469
271 144.0988311767578
272 91.30473327636719
273 62.22314453125
274 60.46334457397461
275 11.492952346801758
276 94.30912017822266
277 85.28092193603516
278 13.049171447753906
279 96.39286041259766
28 220.55162048339844
280 115.04209899902344
281 51.96320343017578
282 7.801453590393066
283 75.76139831542969
284 1.8321765661239624
285 65.18025970458984
286 53.4080810546875
287 49.755287170410156
288 52.78227615356445
289 111.90478515625
29 9.336813926696777
290 136.63717651367188
291 46.03966522216797
292 46.1640739440918
293 0.2895292043685913
294 34.84856033325195
295 0.0
296 89.00836944580078
297 3.619115114212036
298 60.30249786376953
299 98.25922393798828
3 127.1862564086914
30 61.29121780395508
300 2.0153942108154297
301 72.49613952636719
302 68.92579650878906
303 74.46178436279297
304 5.176087379455566
305 31.969600677490234
306 4.291164398193359
307 34.62763977050781
308 0.7238230109214783
309 10.572338104248047
31 138.1011505126953
310 0.0
311 0.0
312 28.828262329101563
313 0.5496529936790466
314 44.05342483520508
315 85.08489227294922
316 184.16944885253906
317 34.37907791137695
318 87.27017211914063
319 23.450607299804688
32 0.14476460218429565
320 1.7140531539916992
321 42.03551483154297
322 40.77184295654297
323 26.362987518310547
324 2.5916881561279297
325 153.93276977539063
326 20.53420066833496
327 28.204965591430664
328 44.06950759887695
329 0.0
33 7.062049388885498
330 14.467914581298828
331 2.3818295001983643
332 23.916566848754883
333 87.2254409790039
334 47.350589752197266
335 87.44032287597656
336 48.02640914916992
337 90.5266342163086
338 25.067649841308594
339 15.652669906616211
34 0.14476460218429565
340 40.89021682739258
341 17.99127197265625
342 22.49078941345215
343 20.23638153076172
344 7.38023042678833
345 17.20813751220703
346 10.742486953735352
347 68.11174011230469
348 109.83586120605469
349 87.06157684326172
35 0.0
350 102.84569549560547
351 86.05023956298828
352 116.66944885253906
353 88.62885284423828
354 42.25316619873047
355 82.49319458007813
356 5.634258270263672
357 0.0
358 3.6741557121276855
359 0.19704067707061768
36 19.061424255371094
360 0.43429380655288696
361 5.2550048828125
362 0.5008955597877502
363 14.175371170043945
364 33.300376892089844
365 0.0
366 19.236600875854492
367 0.0
368 56.973663330078125
369 51.73676300048828
37 16.44636344909668
370 16.27018165588379
371 103.00830841064453
372 24.629833221435547
373 47.812278747558594
374 2.3162336349487305
375 41.81636047363281
376 110.35132598876953
377 37.591796875
378 88.95985412597656
379 34.47056198120117
38 35.7694206237793
380 110.62477111816406
381 93.2145767211914
382 34.04707336425781
383 41.78946304321289
384 28.263277053833008
385 67.30950164794922
386 0.9736424088478088
387 66.59322357177734
388 35.981536865234375
389 47.5207405090332
39 67.13357543945313
390 107.93683624267578
391 24.464210510253906
392 132.5380096435547
393 73.67210388183594
394 41.477317810058594
395 40.120155334472656
396 56.21942901611328
397 11.634197235107422
398 16.622041702270508
399 3.712859630584717
4 15.063056945800781
40 96.91184997558594
400 0.2895292043685913
401 3.083536386489868
402 0.0
403 32.91434097290039
404 11.489182472229004
405 85.93437957763672
406 37.661415100097656
407 106.97550964355469
408 29.304025650024414
409 37.295982360839844
41 132.09291076660156
410 57.014373779296875
411 123.54928588867188
412 91.19340515136719
413 67.40324401855469
414 16.245553970336914
415 44.01447296142578
416 0.0
417 26.692733764648438
418 5.562880516052246
419 42.15087890625
42 33.06513977050781
420 0.19704067707061768
421 176.8070831298828
422 30.40760040283203
423 33.97368621826172
424 130.30947875976563
425 30.306318283081055
426 172.78384399414063
427 45.383949279785156
428 91.78727722167969
429 60.876277923583984
43 3.664353132247925
430 169.69577026367188
431 0.9839468002319336
432 94.85824584960938
433 55.01582336425781
434 132.0406494140625
435 106.41630554199219
436 71.42499542236328
437 40.2767219543457
438 113.219482421875
439 107.4386978149414
44 101.2271499633789
440 125.25906372070313
441 53.24070358276367
442 29.859704971313477
443 86.06381225585938
444 145.33209228515625
445 80.45819854736328
446 69.77552795410156
447 94.97512817382813
448 122.54399108886719
449 121.08049774169922
45 19.09636116027832
450 154.9076690673828
451 150.14476013183594
452 27.32733154296875
453 52.505313873291016
454 16.45490837097168
455 45.21405029296875
456 8.258367538452148
457 108.51162719726563
458 21.41611099243164
459 95.0027847290039
46 0.8685876131057739
460 61.125343322753906
461 13.040122032165527
462 138.50856018066406
463 38.83134078979492
464 57.72237014770508
465 17.123687744140625
466 8.308130264282227
467 15.389280319213867
468 71.57881164550781
469 172.2919921875
47 0.2895292043685913
470 106.67793273925781
471 91.7206802368164
472 83.5045394897461
473 2.17146897315979
474 61.781551361083984
475 0.0
476 36.081321716308594
477 0.0
478 8.674314498901367
479 1.6590124368667603
48 53.08914566040039
480 39.18496322631836
481 64.08621978759766
482 1.8819398880004883
483 12.500272750854492
484 71.96861267089844
485 129.3845977783203
486 50.681175231933594
487 23.7821102142334
488 99.76516723632813
489 28.220800399780273
49 40.86885070800781
490 147.93861389160156
491 29.728763580322266
492 32.09098815917969
493 9.120169639587402
494 25.169937133789063
495 27.963947296142578
496 76.19242095947266
497 54.18141555786133
498 106.49824523925781
499 74.05512237548828
5 95.12516784667969
50 19.039560317993164
500 36.56663513183594
501 159.25387573242188
502 80.3453598022461
503 26.75656509399414
504 156.7260284423828
505 77.97332763671875
506 110.05099487304688
507 121.42835235595703
508 119.50116729736328
509 63.188987731933594
51 72.98999786376953
510 90.19184875488281
511 62.57298278808594
512 242.1069793701172
513 106.90362548828125
514 77.84866333007813
515 25.695968627929688
516 40.807777404785156
517 82.0003433227539
518 8.095256805419922
519 10.857344627380371
52 119.33428192138672
520 0.0
521 17.016878128051758
522 3.184821367263794
523 67.0438461303711
524 6.048194408416748
525 121.45523834228516
526 44.58121109008789
527 108.30931091308594
528 30.04769515991211
529 12.068241119384766
53 79.66576385498047
530 22.54331398010254
531 110.51896667480469
532 31.810009002685547
533 76.97605895996094
534 66.42155456542969
535 4.34293794631958
536 73.97219848632813
537 0.0
538 62.98164749145508
539 1.369483232498169
54 10.373287200927734
540 20.187625885009766
541 14.6058931350708
542 167.50621032714844
543 40.689910888671875
544 31.755720138549805
545 138.61410522460938
546 61.254276275634766
547 70.20304107666016
548 38.50461959838867
549 89.82566833496094
55 122.74076843261719
550 101.8006820678711
551 75.86996459960938
552 35.93354034423828
553 33.2850456237793
554 25.726879119873047
555 52.296207427978516
556 181.80978393554688
557 41.56025695800781
558 159.15383911132813
559 62.98591613769531
56 76.01774597167969
560 115.64102935791016
561 107.99160766601563
562 3.664353132247925
563 36.7888069152832
564 12.73928451538086
565 7.0472211837768555
566 31.943208694458008
567 4.7772321701049805
568 78.7645034790039
569 14.408598899841309
57 17.523048400878906
570 18.03223991394043
571 204.96231079101563
572 57.15185546875
573 0.5496529936790466
574 62.701171875
575 104.48912048339844
576 75.47110748291016
577 114.04534149169922
578 76.2157974243164
579 0.6059504151344299
58 51.05339813232422
580 3.2323219776153564
581 0.0
582 1.6489589214324951
583 0.0
584 1.4360848665237427
585 0.0
586 26.669109344482422
587 3.9239752292633057
588 0.0
589 43.925750732421875
59 103.05857849121094
590 3.3295860290527344
591 41.524818420410156
592 54.64485549926758
593 16.49285888671875
594 17.166669845581055
595 16.844717025756836
596 55.336509704589844
597 1.550187349319458
598 42.258689880371094
599 11.112943649291992
6 14.573721885681152
60 57.73795700073242
600 148.47091674804688
601 65.3659896850586
602 110.22794342041016
603 104.1261978149414
604 19.853609085083008
605 141.88890075683594
606 48.23249053955078
607 63.0216064453125
608 84.18287658691406
609 48.73313903808594
61 5.243695259094238
610 4.6367387771606445
611 65.36196899414063
612 50.798545837402344
613 23.29553985595703
614 102.95527648925781
615 19.575136184692383
616 91.55430603027344
617 93.91526794433594
618 39.921600341796875
619 3.908644437789917
62 59.6792106628418
620 38.0703239440918
621 0.2895292043685913
622 3.8739612102508545
623 0.0
624 0.0
625 1.8819398880004883
626 0.0
627 14.67551040649414
628 3.184821128845215
629 65.02392578125
63 12.524900436401367
630 43.5894775390625
631 61.59859085083008
632 72.94778442382813
633 22.649879455566406
634 79.77056884765625
635 93.05925750732422
636 24.851503372192383
637 49.419761657714844
638 80.32601165771484
639 0.21136637032032013
64 69.54783630371094
640 19.916440963745117
641 0.0
642 8.500395774841309
643 0.0
644 14.725274085998535
645 0.0
646 31.29629135131836
647 33.15486145019531
648 11.552013397216797
649 175.23779296875
65 38.9361457824707
650 121.16117095947266
651 57.55875778198242
652 88.92115020751953
653 47.93064880371094
654 80.65196228027344
655 60.2039794921875
656 88.18802642822266
657 16.358901977539063
658 44.91572189331055
659 36.97705078125
66 92.669189453125
660 86.31840515136719
661 136.56907653808594
662 80.59542846679688
663 169.40274047851563
664 128.05258178710938
665 21.12407112121582
666 135.36119079589844
667 19.193622589111328
668 95.68990325927734
669 19.20392608642578
67 24.59942626953125
670 67.19464874267578
671 52.35627365112305
672 88.79422760009766
673 100.8099365234375
674 34.67212677001953
675 39.44257354736328
676 7.1369452476501465
677 54.04243469238281
678 89.75304412841797
679 41.28806686401367
68 60.10721206665039
680 59.89860534667969
681 178.32911682128906
682 6.36964225769043
683 65.91413879394531
684 0.6456601619720459
685 48.745208740234375
686 0.4850619435310364
687 46.84466552734375
688 7.984671115875244
689 85.10750579833984
69 84.29647064208984
690 47.130428314208984
691 196.61268615722656
692 6.746381759643555
693 52.175575256347656
694 126.77230072021484
695 0.43429380655288696
696 6.285950660705566
697 0.5531716346740723
698 0.0
699 17.73818588256836
7 62.16181564331055
70 0.2895292043685913
700 15.579030990600586
701 29.194948196411133
702 68.91498565673828
703 97.24486541748047
704 147.19996643066406
705 24.845224380493164
706 2.748264789581299
707 108.35680389404297
708 13.962998390197754
709 1.1581168174743652
71 48.23224639892578
710 0.0
711 56.168663024902344
712 35.32355880737305
713 16.045747756958008
714 64.97265625
715 104.00130462646484
716 56.77461242675781
717 13.779781341552734
718 114.07550048828125
719 83.69329071044922
72 0.6175114512443542
720 13.078323364257813
721 48.58083724975586
722 93.50562286376953
723 59.35624694824219
724 9.627599716186523
725 53.596580505371094
726 13.522921562194824
727 69.2080307006836
728 34.10890197753906
729 82.54244995117188
73 18.489656448364258
730 19.65104103088379
731 50.75255584716797
732 84.75890350341797
733 0.7238230109214783
734 39.94221115112305
735 0.32798224687576294
736 14.02658462524414
737 1.7140531539916992
738 50.637447357177734
739 53.622467041015625
74 0.5790584087371826
740 0.18321765959262848
741 87.27720642089844
742 36.39698791503906
743 80.3202133178711
744 1.8321765661239624
745 16.897245407104492
746 6.137667179107666
747 29.566909790039063
748 0.0
749 9.009333610534668
75 54.20655059814453
750 0.0
751 0.43429380655288696
752 0.0
753 8.318685531616211
754 60.79785919189453
755 21.523681640625
756 85.9072265625
757 15.252558708190918
758 2.5647964477539063
759 27.389663696289063
76 51.80712890625
760 20.061203002929688
761 1.5783361196517944
762 60.046142578125
763 11.681947708129883
764 0.0
765 131.56336975097656
766 0.7891680598258972
767 50.84629821777344
768 0.2895292043685913
769 100.10371398925781
77 0.0
770 81.48361206054688
771 100.37037658691406
772 68.80062866210938
773 20.52189064025879
774 49.268470764160156
775 12.853384971618652
776 58.58693313598633
777 9.40743637084961
778 16.897247314453125
779 23.640106201171875
78 79.47299194335938
780 5.710912704467773
781 44.126312255859375
782 11.940815925598145
783 8.43706226348877
784 80.51373291015625
785 73.80455017089844
786 1.2440705299377441
787 36.396732330322266
788 184.4386444091797
789 82.01190948486328
79 35.864173889160156
790 42.45071029663086
791 43.89483642578125
792 0.0
793 3.2504172325134277
794 1.1581168174743652
795 3.975245952606201
796 0.5496529936790466
797 0.5790584087371826
798 0.6456601619720459
799 5.720966339111328
8 55.828369140625
80 88.75651550292969
800 54.80093765258789
801 0.7238230109214783
802 18.159915924072266
803 26.633922576904297
804 126.25709533691406
805 135.67457580566406
806 33.097557067871094
807 117.69889831542969
808 15.971604347229004
809 61.6850471496582
81 1.4657412767410278
810 4.198173522949219
811 78.93441009521484
812 7.410137176513672
813 64.95858764648438
814 132.8421173095703
815 55.23674392700195
816 108.72976684570313
817 49.243080139160156
818 105.51127624511719
819 91.77220916748047
82 14.882102012634277
820 46.91127014160156
821 47.83765411376953
822 63.37321472167969
823 88.76884460449219
824 16.019861221313477
825 38.577754974365234
826 20.68374252319336
827 75.88855743408203
828 7.6385931968688965
829 44.160987854003906
83 6.096700668334961
830 38.05348205566406
831 202.8166961669922
832 61.685298919677734
833 4.940091609954834
834 7.679308891296387
835 19.06318473815918
836 0.5496529936790466
837 12.279104232788086
838 6.9170331954956055
839 1.7640671730041504
84 27.1328067779541
840 21.03610610961914
841 0.0
842 59.882530212402344
843 25.018388748168945
844 64.26693725585938
845 87.49411010742188
846 79.04724884033203
847 66.06819152832031
848 11.749555587768555
849 80.54891967773438
85 0.0
850 167.3531494140625
851 51.238372802734375
852 153.66259765625
853 49.25791549682617
854 0.0
855 15.507406234741211
856 0.0
857 35.50099563598633
858 0.0
859 45.83006286621094
86 11.160444259643555
860 10.90107536315918
861 132.57948303222656
862 29.286678314208984
863 36.985595703125
864 127.03043365478516
865 73.72538757324219
866 78.59661865234375
867 46.576751708984375
868 83.20093536376953
869 82.11721801757813
87 0.0
870 67.48719024658203
871 31.773317337036133
872 67.47637939453125
873 88.11035919189453
874 69.56139373779297
875 105.82417297363281
876 76.77750396728516
877 200.06619262695313
878 29.206256866455078
879 74.73597717285156
88 0.0
880 13.394243240356445
881 175.1711883544922
882 14.763724327087402
883 61.917274475097656
884 46.796409606933594
885 62.883628845214844
886 24.964353561401367
887 45.871524810791016
888 12.304990768432617
889 111.54187774658203
89 0.5790584087371826
890 55.68863296508789
891 104.14656829833984
892 86.90098571777344
893 75.53394317626953
894 0.0
895 61.46664810180664
896 0.8454654812812805
897 37.2203369140625
898 0.0
899 55.3797492980957
9 82.07775115966797
90 9.288558006286621
900 9.963623046875
901 57.62937927246094
902 60.747596740722656
903 19.66486358642578
904 42.28232192993164
905 1.4476460218429565
906 61.355308532714844
907 59.29266357421875
908 60.27459716796875
909 3.1622016429901123
91 69.30503845214844
910 20.17757225036621
911 0.0
912 0.0
913 0.0
914 0.0
915 0.0
916 18.721630096435547
917 38.62852096557617
918 16.20584487915039
919 97.44316101074219
92 23.605426788330078
920 93.556884765625
921 138.0667266845703
922 31.897724151611328
923 8.977664947509766
924 41.27625274658203
925 1.1581168174743652
926 0.5790584087371826
927 0.0
928 1.4451324939727783
929 0.0
93 97.2018814086914
930 10.99105167388916
931 81.68065643310547
932 72.707763671875
933 75.16950988769531
934 139.2952117919922
935 89.20892333984375
936 54.092201232910156
937 56.52629852294922
938 10.807581901550293
939 85.19195556640625
94 11.14687442779541
940 89.091796875
941 12.047380447387695
942 96.90908813476563
943 121.62158966064453
944 54.182674407958984
945 7.174894332885742
946 76.36132049560547
947 2.0153942108154297
948 59.97501754760742
949 47.34053421020508
95 2.4763293266296387
950 47.53706741333008
951 43.421085357666016
952 107.05316162109375
953 144.99632263183594
954 41.204627990722656
955 48.58662033081055
956 0.14476460218429565
957 39.28750228881836
958 0.14476460218429565
959 86.7904052734375
96 25.44112205505371
960 2.3828353881835938
961 58.14133071899414
962 93.17687225341797
963 4.214005947113037
964 64.2470703125
965 80.33931732177734
966 77.47469329833984
967 4.338161945343018
968 32.13874435424805
969 6.123592853546143
97 16.65697479248047
970 39.61799621582031
971 0.43429380655288696
972 12.076533317565918
973 0.0
974 0.0
975 27.710357666015625
976 2.565047264099121
977 40.81858825683594
978 76.95973205566406
979 160.3705291748047
98 1.423267126083374
980 25.107608795166016
981 69.7835693359375
982 15.422706604003906
983 1.4911255836486816
984 42.880226135253906
985 41.475311279296875
986 34.13956069946289
987 3.0156776905059814
988 169.19989013671875
989 24.0296630859375
99 54.385746002197266
990 30.10223960876465
991 39.09850311279297
992 0.14476460218429565
993 15.84493637084961
994 4.030788421630859
995 24.438072204589844
996 92.17206573486328
997 54.67627716064453
998 98.36251068115234
999 61.09543228149414
