1 71.4219741821289
10 23.283977508544922
100 105.44820404052734
101 122.83426666259766
102 15.773307800292969
103 0.18321765959262848
104 93.56744384765625
105 133.7303009033203
106 40.24154281616211
11 14.965795516967773
12 85.45433807373047
13 135.95956420898438
14 82.41000366210938
15 0.0
16 29.900928497314453
17 141.75820922851563
18 2.7369556427001953
19 2.748264789581299
2 40.87161636352539
20 10.852819442749023
21 13.995922088623047
22 95.69141387939453
23 141.72027587890625
24 81.55549621582031
25 18.319507598876953
26 141.80572509765625
27 59.92299270629883
28 83.17731475830078
29 98.54925537109375
3 50.160926818847656
30 0.0
31 0.43429380655288696
32 12.670167922973633
33 1.5924105644226074
34 33.449668884277344
35 26.794771194458008
36 1.2769947052001953
37 45.29271697998047
38 58.79075622558594
39 55.69239807128906
4 42.92948913574219
40 116.57144927978516
41 1.2825236320495605
42 5.862965106964111
43 89.8425064086914
44 9.323241233825684
45 109.90824890136719
46 85.8984375
47 30.306316375732422
48 117.01679229736328
49 15.152780532836914
5 136.06764221191406
50 32.615516662597656
51 102.73736572265625
52 40.352882385253906
53 1.6489589214324951
54 106.92021179199219
55 111.990234375
56 85.872802734375
57 41.449668884277344
58 48.09980010986328
59 42.4112548828125
6 134.77862548828125
60 1.2440705299377441
61 117.5810317993164
62 75.63874053955078
63 133.83460998535156
64 20.9302978515625
65 0.0
66 30.33371353149414
67 111.79496002197266
68 0.9160882830619812
69 0.0
7 0.0
70 82.6844482421875
71 77.22714233398438
72 0.43429380655288696
73 71.50365447998047
74 174.83819580078125
75 31.978652954101563
76 1.4476460218429565
77 95.91409301757813
78 61.51816940307617
79 8.914581298828125
8 113.40824127197266
80 107.93859100341797
81 0.0
82 124.81147003173828
83 34.16017532348633
84 102.18193817138672
85 18.111154556274414
86 4.487702369689941
87 172.57875061035156
88 113.11946105957031
89 140.68228149414063
9 135.30841064453125
90 92.13713836669922
91 44.46308898925781
92 27.702316284179688
93 39.353599548339844
94 16.306371688842773
95 0.0
96 7.883890151977539
97 22.812488555908203
98 24.824865341186523
99 0.5008955597877502
